1753129463006 431.9815863696012 1
1753129515860 152.99128818511963 2
1753129566432 97.77956880222668 3
1753129617005 105.02338509126143 4
1753129663481 79.57335446097635 5
1753129710150 75.75028382648121 6
1753129760585 87.75318059054288 7
1753129806929 78.40390625866976 8
1753129853586 68.20565202019431 9
1753129904255 67.62855915589766 10
1753129950790 61.75133969567039 11
1753129997664 81.28833642872897 12
1753130043982 64.33881781317972 13
1753130094110 60.27834857593883 14
1753130140757 73.25387848507275 15
1753130187288 66.0848593495109 16
1753130233801 58.12508605826985 17
1753130280178 54.16954517364502 18
1753130330493 55.33612938360734 19
1753130377113 90.86194148930636 20
1753130423657 54.54381309856068 21
1753130470158 49.17683375965465 22
1753130516575 47.21549578146501 23
1753130566865 70.63131209937009 24
1753130613147 65.55640426549044 25
1753130659570 51.44197040254419 26
1753130705931 45.08198157223788 27
1753130752242 45.37456970865076 28
1753130802678 46.46943443471735 29
1753130853243 52.261123570528895 30
1753130899727 49.84320493177934 31
1753130946178 39.692913087931544 32
1753130992454 44.16928577423096 33
1753131038556 54.2216830145229 34
1753131085145 51.928317579356104 35
1753131131627 67.1395051912828 36
1753131177943 66.82010741667314 37
1753131224503 52.77390333739194 38
1753131270976 39.81490748578852 39
1753131321082 41.67322349006479 40
1753131367753 40.1102377501401 41
1753131414616 37.84694395282052 42
1753131465122 37.628043272278525 43
1753131515631 34.89873796159571 44
1753131562093 35.94143073125319 45
1753131608478 44.59534600648013 46
1753131654945 37.76812048391862 47
1753131701256 37.768442034721375 48
1753131748032 32.39577934958718 49
1753131794359 30.383540933782403 50
