1753039851346 23.83127265626734 1
1753040121251 15.707242114977403 2
1753040403549 12.406014827164737 3
1753040622458 12.024767919020219 4
1753040837385 12.640305611220272 5
1753041055750 12.89157955754887 6
1753041278948 10.905120172283866 7
1753041539562 11.607642130418258 8
1753041765355 11.254566219719974 9
1753041983378 10.71190260215239 10
1753042252697 10.141673228957437 11
1753042514297 9.755669160322709 12
1753042767763 10.666456352580678 13
1753043022620 9.300868093967438 14
1753043314123 8.766854546286844 15
1753043568768 8.824329923499715 16
1753043824243 8.557186636057766 17
1753044079428 9.187582958828319 18
1753044340008 10.395555647936733 19
1753044617510 8.746759924021633 20
1753044917817 8.611390750516545 21
1753045228495 7.924228207631544 22
1753045600878 7.753535281528126 23
1753046024991 7.675300679423592 24
1753046466154 7.188408661972392 25
1753046945085 10.407947914166884 26
1753047321123 9.73209241845391 27
1753047750252 7.955604401501742 28
1753048112314 8.568853838877244 29
1753048491386 8.241840882734818 30
1753048917463 7.737932221456007 31
1753049328745 8.81834989786148 32
1753049721389 9.597876787185669 33
1753050116851 7.621397283944217 34
1753050517284 7.6473580761389295 35
1753050883852 7.11591806194999 36
1753051263168 8.096991620280527 37
1753051669002 8.694622034376318 38
1753052064357 8.212090427225286 39
1753052432583 7.090822328220714 40
1753052826585 7.838247475298968 41
1753053226445 7.121430857615038 42
1753053614787 7.342732667922974 43
1753054060552 6.498862494121898 44
1753054491428 7.11370082876899 45
1753054885007 6.671887484463778 46
1753055273790 6.60851588845253 47
1753055671905 6.7344468696550885 48
1753056067670 6.648929753086784 49
1753056434126 6.476842544295571 50
