1753131843092 0.001 1
1753131893118 0.001 2
1753131939320 0.001 3
1753131989564 0.001 4
1753132040141 0.001 5
1753132086457 0.001 6
1753132133092 0.001 7
1753132179576 0.001 8
1753132226063 0.001 9
1753132272481 0.001 10
1753132318946 0.001 11
1753132365484 0.001 12
1753132415764 0.001 13
1753132462438 0.001 14
1753132508805 0.001 15
1753132559039 0.001 16
1753132609387 0.001 17
1753132656144 0.001 18
1753132706280 0.001 19
1753132752578 0.001 20
1753132799022 0.001 21
1753132845642 0.001 22
1753132892227 0.001 23
1753132938717 0.001 24
1753132984991 0.001 25
1753133031640 0.001 26
1753133078345 0.0005 27
1753133124838 0.0005 28
1753133171236 0.0005 29
1753133221680 0.0005 30
1753133268031 0.0005 31
1753133314355 0.0005 32
1753133360666 0.0005 33
1753133407072 0.0005 34
1753133453542 0.0005 35
1753133499805 0.0005 36
1753133546106 0.0005 37
1753133592693 0.0005 38
1753133643472 0.0005 39
1753133690159 0.0005 40
1753133736583 0.0005 41
1753133782799 0.0005 42
1753133829205 0.0005 43
1753133875833 0.0005 44
1753133926216 0.0005 45
1753133976672 0.0005 46
1753134023000 0.0005 47
1753134073743 0.0005 48
1753134120100 0.0005 49
1753134166576 0.0005 50
