1753131843092 447.7593127597462 1
1753131893118 140.59100341796875 2
1753131939320 94.58151206103238 3
1753131989564 85.63122218305415 4
1753132040141 97.9509956186468 5
1753132086457 84.22506609829989 6
1753132133092 71.01195927099748 7
1753132179576 81.42845686999235 8
1753132226063 76.34981868483804 9
1753132272481 72.36963207071477 10
1753132318946 95.56994171576066 11
1753132365484 73.50867661562833 12
1753132415764 74.12020562995563 13
1753132462438 84.27931343425404 14
1753132508805 65.94938846067949 15
1753132559039 60.582544413479894 16
1753132609387 56.81962197477167 17
1753132656144 51.867863394997336 18
1753132706280 47.11891215497797 19
1753132752578 72.57660724899985 20
1753132799022 87.16185587102717 21
1753132845642 62.79920905286615 22
1753132892227 72.14902640472759 23
1753132938717 62.575069763443686 24
1753132984991 51.94469235160134 25
1753133031640 49.51889928904447 26
1753133078345 49.980648040771484 27
1753133124838 49.216867511922665 28
1753133171236 44.93641601909291 29
1753133221680 44.027830774133854 30
1753133268031 41.03512144088745 31
1753133314355 43.95257384126837 32
1753133360666 39.59703006527641 33
1753133407072 42.92033746025779 34
1753133453542 50.49284575202248 35
1753133499805 45.370229840278625 36
1753133546106 35.73847158388658 37
1753133592693 44.8489791913466 38
1753133643472 39.554318048737265 39
1753133690159 35.46905050494454 40
1753133736583 44.40022713487799 41
1753133782799 33.67735054276206 42
1753133829205 37.96423596685583 43
1753133875833 42.21532675352964 44
1753133926216 32.97834930636666 45
1753133976672 35.45490412278609 46
1753134023000 36.40306128155101 47
1753134073743 36.914438280192286 48
1753134120100 33.705287315628745 49
1753134166576 47.72606247121637 50
