1753143534160 0.0001 1
1753143585275 0.0001 2
1753143635957 0.0001 3
1753143687047 0.0001 4
1753143738004 0.0001 5
1753143788967 0.0001 6
1753143840353 0.0001 7
1753143891715 0.0001 8
1753143943115 0.0001 9
1753143994714 0.0001 10
1753144046292 0.0001 11
1753144097893 0.0001 12
1753144149165 0.0001 13
1753144196665 0.0001 14
1753144248514 0.0001 15
1753144296103 0.0001 16
1753144347629 0.0001 17
1753144398242 0.0001 18
1753144449030 0.0001 19
1753144499959 0.0001 20
1753144546538 0.0001 21
1753144597391 0.0001 22
1753144647790 0.0001 23
1753144694245 0.0001 24
1753144744472 0.0001 25
1753144794927 0.0001 26
1753144845517 0.0001 27
1753144892223 0.0001 28
1753144942485 0.0001 29
1753144989025 0.0001 30
1753145039386 0.0001 31
1753145090107 0.0001 32
1753145140515 0.0001 33
1753145191014 0.0001 34
1753145241256 0.0001 35
1753145287853 0.0001 36
1753145334217 0.0001 37
1753145380737 0.0001 38
1753145427441 0.0001 39
1753145473921 0.0001 40
1753145520438 0.0001 41
1753145566882 0.0001 42
1753145613041 0.0001 43
1753145663357 0.0001 44
1753145713929 0.0001 45
1753145760478 0.0001 46
1753145806998 0.0001 47
1753145853828 0.0001 48
1753145900402 0.0001 49
1753145946714 0.0001 50
