1753143534160 1170.2968652898614 1
1753143585275 852.2979445023971 2
1753143635957 646.3259291215377 3
1753143687047 501.4866388494318 4
1753143738004 400.1746354536577 5
1753143788967 324.7122951854359 6
1753143840353 262.6153925115412 7
1753143891715 224.6767886768688 8
1753143943115 192.72522926330566 9
1753143994714 169.33536772294477 10
1753144046292 143.6068326776678 11
1753144097893 128.49278866161 12
1753144149165 112.24327529560436 13
1753144196665 97.19790571386164 14
1753144248514 97.52417221936312 15
1753144296103 88.99396107413553 16
1753144347629 84.49029237573797 17
1753144398242 79.61596510627054 18
1753144449030 75.14015293121338 19
1753144499959 76.51183865287088 20
1753144546538 67.57557119022717 21
1753144597391 63.52758177843961 22
1753144647790 57.83812496878884 23
1753144694245 56.58575955304232 24
1753144744472 57.04920010133223 25
1753144794927 52.527442715384744 26
1753144845517 47.55081553892656 27
1753144892223 53.007366397164084 28
1753144942485 48.617263317108154 29
1753144989025 55.19780722531405 30
1753145039386 49.315139293670654 31
1753145090107 47.94075363332575 32
1753145140515 50.996601668271154 33
1753145191014 44.6249661879106 34
1753145241256 47.85624421726573 35
1753145287853 49.11113895069469 36
1753145334217 41.56169020045888 37
1753145380737 38.65816870602694 38
1753145427441 44.19842412255027 39
1753145473921 42.50084289637479 40
1753145520438 45.23463756387884 41
1753145566882 42.521479780023746 42
1753145613041 38.26048059896989 43
1753145663357 36.90068405324762 44
1753145713929 37.49201575192538 45
1753145760478 39.678284818475895 46
1753145806998 36.88154645399614 47
1753145853828 38.57617451927879 48
1753145900402 30.735367970033124 49
1753145946714 35.30308253114874 50
