1753027164580 0.001 1
1753027374750 0.001 2
1753027561955 0.001 3
1753027771812 0.001 4
1753027980561 0.001 5
1753028199932 0.001 6
1753028448520 0.001 7
1753028672285 0.001 8
1753028900738 0.001 9
1753029116597 0.001 10
1753029341968 0.001 11
1753029556926 0.001 12
1753029778140 0.001 13
1753029999840 0.001 14
1753030220685 0.001 15
1753030439082 0.001 16
1753030656748 0.0005 17
1753030875525 0.0005 18
1753031125484 0.0005 19
1753031358729 0.0005 20
1753031594937 0.0005 21
1753031866566 0.0005 22
1753032111627 0.0005 23
1753032335007 0.0005 24
1753032559668 0.0005 25
1753032782900 0.0005 26
1753033005505 0.0005 27
1753033221579 0.0005 28
1753033476178 0.0005 29
1753033698859 0.0005 30
1753033924771 0.0005 31
1753034143500 0.0005 32
1753034403060 0.0005 33
1753034695267 0.0005 34
1753035008725 0.0005 35
1753035332804 0.0005 36
1753035669384 0.0005 37
1753036004806 0.0005 38
1753036334179 0.00025 39
1753036675312 0.00025 40
1753037035055 0.00025 41
1753037403242 0.00025 42
1753037718861 0.00025 43
1753038028578 0.00025 44
1753038289775 0.00025 45
1753038540452 0.00025 46
1753038824256 0.00025 47
1753039074779 0.00025 48
1753039323949 0.00025 49
1753039568835 0.00025 50
