1753145999331 1111.310523293235 1
1753146049759 793.7868416526101 2
1753146100143 600.3522498390892 3
1753146150326 464.79503146084875 4
1753146200944 370.4685578779741 5
1753146251172 299.88062910600144 6
1753146301894 240.17489936135033 7
1753146352453 205.4807697642933 8
1753146403131 179.1662311553955 9
1753146453394 161.1194775321267 10
1753146503824 138.79675613750112 11
1753146554171 123.2935937534679 12
1753146604806 108.90059271725741 13
1753146655303 106.7017113945701 14
1753146701912 87.25268225236373 15
1753146752340 84.62660286643289 16
1753146802903 80.80633440884677 17
1753146853600 74.04357979514383 18
1753146900109 65.75802794369784 19
1753146946725 66.03376280177723 20
1753146997267 73.89821355993098 21
1753147047867 73.30674058740789 22
1753147094242 57.21484010869806 23
1753147140718 60.37692321430553 24
1753147191060 44.88317840749567 25
1753147241434 48.0235164382241 26
1753147292152 50.73246884346008 27
1753147338765 49.71974901719527 28
1753147389131 55.72961859269576 29
1753147439541 49.81021053140814 30
1753147485978 50.61084825342352 31
1753147532251 48.3142595724626 32
1753147582603 51.32733739506114 33
1753147629271 44.70706380497325 34
1753147679931 44.1180015260523 35
1753147726447 41.20967765287919 36
1753147776834 39.976156603206285 37
1753147823149 40.18950388648293 38
1753147869507 39.362114516171545 39
1753147919896 38.42830939726396 40
1753147966451 38.563515012914486 41
1753148012993 37.68843835050409 42
1753148059373 40.09191725470803 43
1753148106203 40.22476742484353 44
1753148152813 37.83836624839089 45
1753148199234 37.425848093899816 46
1753148245683 36.258073113181375 47
1753148292236 31.383649175817315 48
1753148339038 29.322795022617687 49
1753148389549 31.55429209362377 50
