1753145999331 43.58762038837779 1
1753146049759 36.7111682024869 2
1753146100143 32.21420600197532 3
1753146150326 28.334353837099943 4
1753146200944 25.157327955419365 5
1753146251172 22.495359615846112 6
1753146301894 20.07655806974931 7
1753146352453 18.41284942626953 8
1753146403131 17.054119500246916 9
1753146453394 16.048424395647917 10
1753146503824 14.711628913879395 11
1753146554171 13.99715542793274 12
1753146604806 13.109422445297241 13
1753146655303 12.863551031459462 14
1753146701912 11.624565395441921 15
1753146752340 11.412380337715149 16
1753146802903 11.13750392740423 17
1753146853600 10.667599374597723 18
1753146900109 10.121697393330662 19
1753146946725 10.06889248978008 20
1753146997267 10.594350717284463 21
1753147047867 10.620622028004039 22
1753147094242 9.222412586212158 23
1753147140718 9.594847679138184 24
1753147191060 8.206884189085526 25
1753147241434 8.517290711402893 26
1753147292152 8.764819470318882 27
1753147338765 8.603161562572826 28
1753147389131 8.999109929258173 29
1753147439541 8.701205069368536 30
1753147485978 8.751484329050237 31
1753147532251 8.51078947023912 32
1753147582603 8.709628321907736 33
1753147629271 8.270325097170742 34
1753147679931 8.158220865509726 35
1753147726447 7.781669930978254 36
1753147776834 7.782300157980486 37
1753147823149 7.746182810176503 38
1753147869507 7.685468955473467 39
1753147919896 7.616906502030113 40
1753147966451 7.616746338930997 41
1753148012993 7.521029819141734 42
1753148059373 7.563181855461814 43
1753148106203 7.742834969000383 44
1753148152813 7.623013864864003 45
1753148199234 7.4975152232430196 46
1753148245683 7.313472867012024 47
1753148292236 6.8133063533089375 48
1753148339038 6.556774464520541 49
1753148389549 6.786332791501826 50
