1753136469425 28.51429254358465 1
1753136519831 12.904101610183716 2
1753136570365 10.926108999685807 3
1753136616938 10.139456629753113 4
1753136667262 9.978868473659862 5
1753136713676 9.688901619477706 6
1753136760306 8.756012970750982 7
1753136810878 8.707129500129007 8
1753136857325 8.767444556409663 9
1753136903992 9.951441027901389 10
1753136951127 9.302432385357944 11
1753136997761 8.097098686478354 12
1753137044146 7.780319788239219 13
1753137090861 7.896441557190635 14
1753137141581 7.616633556105874 15
1753137188587 7.680644989013672 16
1753137235132 7.150487466291948 17
1753137281599 6.6687586524269795 18
1753137328414 6.6089371334422715 19
1753137374917 6.7930828332901 20
1753137421448 6.523785168474371 21
1753137468351 6.524150956760753 22
1753137514892 8.024680159308694 23
1753137561446 7.227287595922297 24
1753137608415 7.021779602224177 25
1753137655213 6.592129989103838 26
1753137705677 6.340457146817988 27
1753137755981 6.866531144488942 28
1753137802601 6.837447784163735 29
1753137849296 6.102662124417045 30
1753137900250 5.889006484638561 31
1753137950813 6.193209485574202 32
1753137997385 6.192185748707164 33
1753138044176 5.630063831806183 34
1753138090769 6.592484008182179 35
1753138137426 7.0640787211331455 36
1753138183754 6.331308993426236 37
1753138230539 6.0455437465147535 38
1753138277300 5.560937968167392 39
1753138324102 5.717673886906017 40
1753138370963 5.330730264837092 41
1753138421226 5.7459362962029195 42
1753138467643 5.299866909330541 43
1753138513948 5.659216512333263 44
1753138564852 5.334489887410944 45
1753138611973 5.284846040335569 46
1753138658912 4.994780778884888 47
1753138705739 5.269090251489119 48
1753138752231 5.415516875006936 49
1753138802862 5.613350732759996 50
