1753138881225 0.0001 1
1753138932311 0.0001 2
1753138983277 0.0001 3
1753139034191 0.0001 4
1753139085179 0.0001 5
1753139136068 0.0001 6
1753139187702 0.0001 7
1753139238795 0.0001 8
1753139286327 0.0001 9
1753139338108 0.0001 10
1753139385511 0.0001 11
1753139433440 0.0001 12
1753139485003 0.0001 13
1753139536068 0.0001 14
1753139582847 0.0001 15
1753139629417 0.0001 16
1753139680036 0.0001 17
1753139726347 0.0001 18
1753139776579 0.0001 19
1753139823066 0.0001 20
1753139869698 0.0001 21
1753139920553 0.0001 22
1753139966757 0.0001 23
1753140013323 0.0001 24
1753140060115 0.0001 25
1753140106717 0.0001 26
1753140153467 0.0001 27
1753140200052 0.0001 28
1753140246443 0.0001 29
1753140292957 5e-05 30
1753140339204 5e-05 31
1753140385610 5e-05 32
1753140436316 5e-05 33
1753140486929 5e-05 34
1753140533297 5e-05 35
1753140583975 5e-05 36
1753140630819 5e-05 37
1753140681454 5e-05 38
1753140727842 5e-05 39
1753140774545 5e-05 40
1753140821323 5e-05 41
1753140867655 5e-05 42
1753140914118 5e-05 43
1753140960590 5e-05 44
1753141006994 5e-05 45
1753141053544 2.5e-05 46
1753141099874 2.5e-05 47
1753141146142 2.5e-05 48
1753141192719 2.5e-05 49
