1753202398859 0.001 1
1753202459906 0.001 2
1753202516397 0.001 3
1753202577157 0.001 4
1753202637621 0.001 5
1753202698302 0.001 6
1753202758778 0.001 7
1753202815105 0.001 8
1753202871502 0.001 9
1753202927917 0.001 10
1753202988772 0.001 11
1753203048943 0.001 12
1753203109662 0.001 13
1753203165973 0.001 14
1753203222357 0.001 15
1753203278005 0.001 16
1753203337758 0.001 17
1753203393652 0.001 18
1753203453566 0.001 19
1753203509179 0.001 20
1753203565344 0.001 21
1753203621025 0.001 22
1753203677038 0.001 23
1753203732842 0.001 24
1753203791789 0.001 25
1753203847853 0.001 26
1753203903531 0.001 27
1753203958767 0.001 28
1753204014253 0.0005 29
1753204070157 0.0005 30
1753204129910 0.0005 31
1753204185542 0.0005 32
1753204245020 0.0005 33
1753204300111 0.0005 34
1753204355558 0.0005 35
1753204411031 0.0005 36
1753204466948 0.0005 37
1753204522246 0.0005 38
1753204577575 0.0005 39
1753204632822 0.0005 40
1753204688210 0.0005 41
1753204743810 0.0005 42
1753204798867 0.0005 43
1753204858293 0.0005 44
1753204913809 0.0005 45
1753204969285 0.0005 46
1753205024656 0.0005 47
1753205080199 0.0005 48
1753205135689 0.0005 49
1753205191066 0.0005 50
1753205246707 0.0005 51
1753205302039 0.0005 52
1753205357537 0.0005 53
1753205416980 0.0005 54
1753205471924 0.0005 55
1753205526835 0.0005 56
1753205581844 0.0005 57
1753205636693 0.0005 58
1753205692144 0.0005 59
1753205747489 0.0005 60
1753205802304 0.0005 61
1753205857435 0.0005 62
1753205912146 0.0005 63
1753205967312 0.00025 64
1753206022487 0.00025 65
1753206077778 0.00025 66
1753206132784 0.00025 67
1753206188234 0.00025 68
1753206247097 0.00025 69
1753206302434 0.00025 70
1753206357758 0.00025 71
1753206412976 0.00025 72
1753206468137 0.00025 73
1753206523214 0.00025 74
1753206578516 0.00025 75
