1753202398859 502.9067185974121 1
1753202459906 99.8804556274414 2
1753202516397 80.47283081054688 3
1753202577157 60.378901405334474 4
1753202637621 54.55204406738281 5
1753202698302 52.41889850616455 6
1753202758778 52.01904434204101 7
1753202815105 53.06148754119873 8
1753202871502 46.39552661895752 9
1753202927917 44.09591403961181 10
1753202988772 38.06766017913819 11
1753203048943 38.711064147949216 12
1753203109662 35.83907077789306 13
1753203165973 37.463444290161135 14
1753203222357 44.4850385093689 15
1753203278005 34.03005142211914 16
1753203337758 39.72096672058105 17
1753203393652 31.33360692977905 18
1753203453566 32.7564631652832 19
1753203509179 28.187330341339113 20
1753203565344 31.950206661224364 21
1753203621025 26.818328590393065 22
1753203677038 27.91011106491089 23
1753203732842 22.550430068969728 24
1753203791789 36.55021343231201 25
1753203847853 38.51320526123047 26
1753203903531 57.91304054260254 27
1753203958767 39.34866271972656 28
1753204014253 30.192180576324464 29
1753204070157 27.286056995391846 30
1753204129910 22.401707248687742 31
1753204185542 20.88126314163208 32
1753204245020 21.535363292694093 33
1753204300111 20.772059516906737 34
1753204355558 19.405807456970216 35
1753204411031 20.104060525894166 36
1753204466948 19.383851985931397 37
1753204522246 19.920918540954588 38
1753204577575 19.988988971710206 39
1753204632822 22.00827199935913 40
1753204688210 22.264962062835693 41
1753204743810 22.418170471191406 42
1753204798867 18.346587162017823 43
1753204858293 25.876378078460693 44
1753204913809 21.113719940185547 45
1753204969285 19.4634627532959 46
1753205024656 18.311782035827637 47
1753205080199 17.005394706726076 48
1753205135689 16.282222061157228 49
1753205191066 18.60110372543335 50
1753205246707 17.40927698135376 51
1753205302039 16.0484462928772 52
1753205357537 14.580814895629883 53
1753205416980 14.912284326553344 54
1753205471924 17.09789026260376 55
1753205526835 15.537885828018188 56
1753205581844 15.974345684051514 57
1753205636693 18.438431015014647 58
1753205692144 16.836991062164305 59
1753205747489 13.326164903640747 60
1753205802304 16.03783811569214 61
1753205857435 14.135405139923096 62
1753205912146 15.463880176544189 63
1753205967312 15.243816423416138 64
1753206022487 14.240236921310425 65
1753206077778 12.805033903121949 66
1753206132784 12.49594108581543 67
1753206188234 12.588701848983765 68
1753206247097 11.990318040847779 69
1753206302434 16.071854820251463 70
1753206357758 13.63175570487976 71
1753206412976 21.618080768585205 72
1753206468137 17.058544120788575 73
1753206523214 20.455912590026855 74
1753206578516 17.711460542678832 75
