1753202398859 27.261323146820068 1
1753202459906 12.201067247390746 2
1753202516397 11.09510669708252 3
1753202577157 9.58395998954773 4
1753202637621 9.187687187194824 5
1753202698302 8.962444171905517 6
1753202758778 8.972447319030762 7
1753202815105 8.936550092697143 8
1753202871502 8.464668684005737 9
1753202927917 8.27349383354187 10
1753202988772 7.626437997817993 11
1753203048943 7.686752529144287 12
1753203109662 7.333957052230835 13
1753203165973 7.511269941329956 14
1753203222357 8.1244965839386 15
1753203278005 7.110622100830078 16
1753203337758 7.644512510299682 17
1753203393652 6.8870984649658205 18
1753203453566 7.04678897857666 19
1753203509179 6.469306960105896 20
1753203565344 6.844156351089477 21
1753203621025 6.3197199249267575 22
1753203677038 6.429301919937134 23
1753203732842 5.861359729766845 24
1753203791789 6.989719324111938 25
1753203847853 7.614662065505981 26
1753203903531 8.472872047424316 27
1753203958767 7.727034988403321 28
1753204014253 6.732531547546387 29
1753204070157 6.327211322784424 30
1753204129910 5.783780422210693 31
1753204185542 5.58640341758728 32
1753204245020 5.66878758430481 33
1753204300111 5.563758993148804 34
1753204355558 5.3425849390029905 35
1753204411031 5.462156476974488 36
1753204466948 5.32201241016388 37
1753204522246 5.443936157226562 38
1753204577575 5.403680419921875 39
1753204632822 5.659501438140869 40
1753204688210 5.551870460510254 41
1753204743810 5.604484481811523 42
1753204798867 5.119721503257751 43
1753204858293 5.923186831474304 44
1753204913809 5.6214801740646365 45
1753204969285 5.359166665077209 46
1753205024656 5.155768995285034 47
1753205080199 4.9778237056732175 48
1753205135689 4.884426007270813 49
1753205191066 5.085947709083557 50
1753205246707 4.999705677032471 51
1753205302039 4.854154987335205 52
1753205357537 4.643483853340149 53
1753205416980 4.644343180656433 54
1753205471924 4.9615987777709964 55
1753205526835 4.73443531036377 56
1753205581844 4.78532178401947 57
1753205636693 5.100839228630066 58
1753205692144 4.951966614723205 59
1753205747489 4.472181644439697 60
1753205802304 4.80047061920166 61
1753205857435 4.610059924125672 62
1753205912146 4.707406520843506 63
1753205967312 4.729424319267273 64
1753206022487 4.522772884368896 65
1753206077778 4.307910542488099 66
1753206132784 4.232733979225158 67
1753206188234 4.255103006362915 68
1753206247097 4.180731639862061 69
1753206302434 4.702995281219483 70
1753206357758 4.4734458112716675 71
1753206412976 5.344656238555908 72
1753206468137 4.931270160675049 73
1753206523214 5.25118727684021 74
1753206578516 5.015200157165527 75
