1753206705816 0.001 1
1753206765977 0.001 2
1753206825909 0.001 3
1753206886331 0.001 4
1753206946489 0.001 5
1753207002422 0.001 6
1753207058252 0.001 7
1753207114291 0.001 8
1753207169978 0.001 9
1753207225801 0.001 10
1753207286050 0.001 11
1753207341965 0.001 12
1753207401919 0.001 13
1753207457566 0.001 14
1753207513396 0.001 15
1753207569026 0.001 16
1753207625052 0.001 17
1753207685071 0.001 18
1753207740910 0.001 19
1753207796287 0.001 20
1753207851569 0.001 21
1753207911378 0.001 22
1753207967107 0.001 23
1753208026142 0.001 24
1753208085582 0.001 25
1753208140869 0.001 26
1753208195956 0.001 27
1753208255500 0.001 28
1753208310582 0.001 29
1753208365665 0.001 30
1753208420416 0.001 31
1753208475805 0.001 32
1753208530670 0.001 33
1753208585469 0.001 34
1753208640278 0.0005 35
1753208695218 0.0005 36
1753208750033 0.0005 37
1753208804928 0.0005 38
1753208859982 0.0005 39
