1753206705816 29.008729457855225 1
1753206765977 13.079423751831055 2
1753206825909 10.908709011077882 3
1753206886331 9.598557729721069 4
1753206946489 9.359923124313354 5
1753207002422 9.2447434425354 6
1753207058252 8.627492609024047 7
1753207114291 9.61634464263916 8
1753207169978 9.390093698501587 9
1753207225801 8.413822050094604 10
1753207286050 8.123979177474975 11
1753207341965 7.959613199234009 12
1753207401919 7.856413316726685 13
1753207457566 7.601429557800293 14
1753207513396 7.670777721405029 15
1753207569026 7.18590368270874 16
1753207625052 7.0910891246795655 17
1753207685071 6.8622440910339355 18
1753207740910 8.163494596481323 19
1753207796287 7.7900460338592525 20
1753207851569 6.785387840270996 21
1753207911378 6.639502601623535 22
1753207967107 6.456037092208862 23
1753208026142 6.08431718826294 24
1753208085582 6.157231817245483 25
1753208140869 6.22603066444397 26
1753208195956 6.67999792098999 27
1753208255500 6.035396966934204 28
1753208310582 5.903928737640381 29
1753208365665 6.025477170944214 30
1753208420416 6.0325166654586795 31
1753208475805 6.16723304271698 32
1753208530670 6.122657566070557 33
1753208585469 5.788834748268127 34
1753208640278 5.8971757984161375 35
1753208695218 5.671248598098755 36
1753208750033 5.598963842391968 37
1753208804928 5.0178488874435425 38
1753208859982 5.236051273345947 39
