1753206705816 553.3945748901367 1
1753206765977 106.25685997009278 2
1753206825909 78.19259777069092 3
1753206886331 60.9710232925415 4
1753206946489 57.69552864074707 5
1753207002422 57.642954940795896 6
1753207058252 49.39763286590576 7
1753207114291 65.35037754058838 8
1753207169978 59.503188095092774 9
1753207225801 46.49740264892578 10
1753207286050 43.70825088500977 11
1753207341965 41.14209201812744 12
1753207401919 40.22638252258301 13
1753207457566 37.518354434967044 14
1753207513396 39.23520618438721 15
1753207569026 34.451267642974855 16
1753207625052 32.88184720993042 17
1753207685071 31.056929111480713 18
1753207740910 45.11109296798706 19
1753207796287 38.92648378372192 20
1753207851569 30.65607675552368 21
1753207911378 29.212370700836182 22
1753207967107 28.19516008377075 23
1753208026142 24.521263313293456 24
1753208085582 25.74823389053345 25
1753208140869 25.424534854888915 26
1753208195956 30.146270961761473 27
1753208255500 24.183719959259033 28
1753208310582 22.85453565597534 29
1753208365665 24.046602725982666 30
1753208420416 24.655286722183227 31
1753208475805 25.252052001953125 32
1753208530670 25.648336162567137 33
1753208585469 23.295129947662353 34
1753208640278 24.215002555847168 35
1753208695218 21.83819435119629 36
1753208750033 21.437061500549316 37
1753208804928 16.79962661743164 38
1753208859982 18.70494161605835 39
