1753189471430 0.001 1
1753189534094 0.001 2
1753189594161 0.001 3
1753189650447 0.001 4
1753189706388 0.001 5
1753189766745 0.001 6
1753189822824 0.001 7
1753189879001 0.001 8
1753189934867 0.001 9
1753189995014 0.001 10
1753190050836 0.001 11
1753190106929 0.001 12
1753190163107 0.001 13
1753190218994 0.001 14
1753190275516 0.001 15
1753190331524 0.001 16
1753190387445 0.001 17
1753190443483 0.001 18
1753190499235 0.001 19
1753190559548 0.001 20
1753190615489 0.001 21
1753190675710 0.001 22
1753190731525 0.001 23
1753190787589 0.001 24
1753190843288 0.001 25
1753190899307 0.001 26
1753190955230 0.001 27
1753191011201 0.001 28
1753191067198 0.001 29
1753191123214 0.001 30
1753191179226 0.001 31
1753191235092 0.0005 32
1753191290989 0.0005 33
1753191350996 0.0005 34
1753191411058 0.0005 35
1753191466908 0.0005 36
1753191522918 0.0005 37
1753191579179 0.0005 38
1753191635735 0.0005 39
1753191695887 0.0005 40
1753191751496 0.0005 41
1753191807324 0.0005 42
1753191863376 0.0005 43
1753191919365 0.0005 44
1753191975074 0.0005 45
1753192030959 0.0005 46
1753192087234 0.0005 47
1753192143190 0.0005 48
1753192198960 0.0005 49
1753192255104 0.00025 50
1753192310987 0.00025 51
1753192366782 0.00025 52
1753192422976 0.00025 53
1753192478663 0.00025 54
1753192538903 0.00025 55
1753192594704 0.00025 56
1753192650536 0.00025 57
1753192706328 0.00025 58
1753192762182 0.00025 59
1753192818288 0.00025 60
1753192874297 0.00025 61
1753192930350 0.00025 62
1753192986378 0.00025 63
1753193042281 0.00025 64
1753193098329 0.000125 65
1753193154407 0.000125 66
1753193210407 0.000125 67
1753193266397 0.000125 68
1753193326512 0.000125 69
1753193382645 0.000125 70
1753193438654 0.000125 71
1753193494341 0.000125 72
1753193550468 0.000125 73
1753193606451 0.000125 74
1753193662423 0.000125 75
