1753189471430 26.20467664718628 1
1753189534094 12.275355300903321 2
1753189594161 10.329651002883912 3
1753189650447 10.506760692596435 4
1753189706388 10.017887935638427 5
1753189766745 9.23806139945984 6
1753189822824 9.654317102432252 7
1753189879001 9.03838116645813 8
1753189934867 8.535286655426026 9
1753189995014 8.280091972351075 10
1753190050836 8.031006717681885 11
1753190106929 8.199465742111206 12
1753190163107 7.59459885597229 13
1753190218994 7.257999238967895 14
1753190275516 7.241906824111939 15
1753190331524 7.376883640289306 16
1753190387445 7.496583108901977 17
1753190443483 9.025271558761597 18
1753190499235 7.765012617111206 19
1753190559548 7.110667715072632 20
1753190615489 7.1683016204833985 21
1753190675710 6.488741779327393 22
1753190731525 6.183621740341186 23
1753190787589 6.103762998580932 24
1753190843288 7.437900795936584 25
1753190899307 6.851664113998413 26
1753190955230 6.720599145889282 27
1753191011201 6.109746732711792 28
1753191067198 6.138795175552368 29
1753191123214 6.218686571121216 30
1753191179226 6.918893165588379 31
1753191235092 6.4311070728302 32
1753191290989 5.752237825393677 33
1753191350996 5.823339648246765 34
1753191411058 5.5034130859375 35
1753191466908 5.355285406112671 36
1753191522918 6.04610164642334 37
1753191579179 5.204811844825745 38
1753191635735 5.084917197227478 39
1753191695887 5.143561310768128 40
1753191751496 4.927829656600952 41
1753191807324 5.159717206954956 42
1753191863376 4.963382229804993 43
1753191919365 4.90650809764862 44
1753191975074 5.247737145423889 45
1753192030959 5.06786874294281 46
1753192087234 4.952809872627259 47
1753192143190 5.79238226890564 48
1753192198960 5.32599187374115 49
1753192255104 5.093735570907593 50
1753192310987 5.000667519569397 51
1753192366782 4.888073115348816 52
1753192422976 4.713225631713867 53
1753192478663 4.879045581817627 54
1753192538903 4.844691686630249 55
1753192594704 4.746238055229187 56
1753192650536 5.001945319175721 57
1753192706328 4.706659669876099 58
1753192762182 5.015827860832214 59
1753192818288 4.6022330045700075 60
1753192874297 4.556744790077209 61
1753192930350 4.391797366142273 62
1753192986378 5.140615282058715 63
1753193042281 4.903415174484253 64
1753193098329 5.107301421165467 65
1753193154407 4.608727569580078 66
1753193210407 4.4577652978897095 67
1753193266397 4.458219637870789 68
1753193326512 4.515319790840149 69
1753193382645 4.233506865501404 70
1753193438654 4.383531088829041 71
1753193494341 4.3736153507232665 72
1753193550468 4.87000997543335 73
1753193606451 4.546090030670166 74
1753193662423 4.407520332336426 75
