1753189471430 465.0595213317871 1
1753189534094 97.52301235198975 2
1753189594161 68.81208473205567 3
1753189650447 72.8630613708496 4
1753189706388 64.31289775848389 5
1753189766745 56.55444274902344 6
1753189822824 61.97882122039795 7
1753189879001 53.54571063995361 8
1753189934867 47.170002937316895 9
1753189995014 45.76706256866455 10
1753190050836 41.97043956756592 11
1753190106929 45.2488712310791 12
1753190163107 38.18436975479126 13
1753190218994 34.731199417114254 14
1753190275516 34.97705307006836 15
1753190331524 36.07948127746582 16
1753190387445 38.645270137786866 17
1753190443483 55.8212665939331 18
1753190499235 39.90016502380371 19
1753190559548 33.30993965148926 20
1753190615489 33.89492527008056 21
1753190675710 28.195811309814452 22
1753190731525 24.585496559143067 23
1753190787589 24.46126449584961 24
1753190843288 38.429700965881345 25
1753190899307 32.01148105621338 26
1753190955230 30.154158191680906 27
1753191011201 24.683878421783447 28
1753191067198 25.094216747283937 29
1753191123214 26.32780960083008 30
1753191179226 32.79919036865235 31
1753191235092 27.98722724914551 32
1753191290989 21.91830940246582 33
1753191350996 22.623049659729006 34
1753191411058 20.63966821670532 35
1753191466908 19.68181718826294 36
1753191522918 25.777483196258544 37
1753191579179 18.31809832572937 38
1753191635735 17.838265380859376 39
1753191695887 17.99162006378174 40
1753191751496 16.538606338500976 41
1753191807324 17.75363800048828 42
1753191863376 17.35334457397461 43
1753191919365 16.290124387741088 44
1753191975074 19.080145206451416 45
1753192030959 17.65859317779541 46
1753192087234 16.458760814666746 47
1753192143190 24.249775161743162 48
1753192198960 19.589145412445067 49
1753192255104 18.135001678466796 50
1753192310987 17.200475482940675 51
1753192366782 16.896727638244627 52
1753192422976 15.564758768081665 53
1753192478663 16.2727024269104 54
1753192538903 16.667156505584718 55
1753192594704 15.51578353881836 56
1753192650536 18.430339756011964 57
1753192706328 15.403569583892823 58
1753192762182 18.314237422943116 59
1753192818288 14.630971984863281 60
1753192874297 14.164431009292603 61
1753192930350 13.305644025802613 62
1753192986378 19.715537719726562 63
1753193042281 16.754195117950438 64
1753193098329 19.43005237579346 65
1753193154407 14.764283094406128 66
1753193210407 13.877758827209473 67
1753193266397 13.843109760284424 68
1753193326512 14.334350223541259 69
1753193382645 12.458863534927367 70
1753193438654 13.2421213722229 71
1753193494341 13.712916564941406 72
1753193550468 17.93358678817749 73
1753193606451 14.126758222579957 74
1753193662423 13.66532675743103 75
