1753129463006 0.001 1
1753129515860 0.001 2
1753129566432 0.001 3
1753129617005 0.001 4
1753129663481 0.001 5
1753129710150 0.001 6
1753129760585 0.001 7
1753129806929 0.001 8
1753129853586 0.001 9
1753129904255 0.001 10
1753129950790 0.001 11
1753129997664 0.001 12
1753130043982 0.001 13
1753130094110 0.001 14
1753130140757 0.001 15
1753130187288 0.001 16
1753130233801 0.001 17
1753130280178 0.001 18
1753130330493 0.001 19
1753130377113 0.001 20
1753130423657 0.001 21
1753130470158 0.001 22
1753130516575 0.001 23
1753130566865 0.001 24
1753130613147 0.001 25
1753130659570 0.001 26
1753130705931 0.001 27
1753130752242 0.001 28
1753130802678 0.001 29
1753130853243 0.001 30
1753130899727 0.001 31
1753130946178 0.001 32
1753130992454 0.001 33
1753131038556 0.001 34
1753131085145 0.001 35
1753131131627 0.001 36
1753131177943 0.001 37
1753131224503 0.0005 38
1753131270976 0.0005 39
1753131321082 0.0005 40
1753131367753 0.0005 41
1753131414616 0.0005 42
1753131465122 0.0005 43
1753131515631 0.0005 44
1753131562093 0.0005 45
1753131608478 0.0005 46
1753131654945 0.0005 47
1753131701256 0.0005 48
1753131748032 0.0005 49
1753131794359 0.0005 50
