1753027164580 454.16465325789017 1
1753027374750 160.88576286489314 2
1753027561955 108.19242124124007 3
1753027771812 108.14507818222046 4
1753027980561 104.6087159243497 5
1753028199932 91.13568360155278 6
1753028448520 80.50745571743359 7
1753028672285 68.03858678991145 8
1753028900738 97.16374353929 9
1753029116597 59.215435374866836 10
1753029341968 57.35167163068598 11
1753029556926 79.10029302943836 12
1753029778140 81.70325097170743 13
1753029999840 65.32729702646083 14
1753030220685 56.2274102080952 15
1753030439082 87.6642316904935 16
1753030656748 75.58100854266773 17
1753030875525 57.55472590706565 18
1753031125484 60.07749584588137 19
1753031358729 52.69816255569458 20
1753031594937 55.07060890847986 21
1753031866566 52.197973533110186 22
1753032111627 50.77450201728127 23
1753032335007 51.50886175849221 24
1753032559668 43.73784561590715 25
1753032782900 50.10996181314642 26
1753033005505 38.21659222516146 27
1753033221579 45.568485498428345 28
1753033476178 49.154476675120264 29
1753033698859 44.79785789142955 30
1753033924771 49.74763602560217 31
1753034143500 44.388722495599225 32
1753034403060 47.85646349733526 33
1753034695267 45.74636501615698 34
1753035008725 52.16791627623818 35
1753035332804 50.225782405246385 36
1753035669384 56.42623007297516 37
1753036004806 44.89287688515403 38
1753036334179 40.49958969246257 39
1753036675312 38.85260436751626 40
1753037035055 41.69564486633647 41
1753037403242 37.76557991721413 42
1753037718861 33.55247371305119 43
1753038028578 47.01063169132579 44
1753038289775 40.09095314416018 45
1753038540452 29.72060031782497 46
1753038824256 42.097460161555894 47
1753039074779 43.38793310252103 48
1753039323949 33.35147633335807 49
1753039568835 30.813614812764254 50
