1753134236026 0.001 1
1753134286833 0.001 2
1753134337825 0.001 3
1753134388952 0.001 4
1753134435828 0.001 5
1753134483106 0.001 6
1753134530456 0.001 7
1753134582138 0.001 8
1753134628931 0.001 9
1753134675716 0.001 10
1753134722328 0.001 11
1753134768995 0.001 12
1753134819629 0.001 13
1753134866312 0.001 14
1753134912772 0.001 15
1753134963270 0.001 16
1753135009916 0.001 17
1753135060226 0.001 18
1753135106812 0.001 19
1753135153356 0.001 20
1753135199974 0.001 21
1753135246839 0.001 22
1753135293970 0.001 23
1753135340695 0.001 24
1753135387072 0.001 25
1753135433973 0.0005 26
1753135480623 0.0005 27
1753135527178 0.0005 28
1753135573910 0.0005 29
1753135624476 0.0005 30
1753135671072 0.0005 31
1753135717400 0.0005 32
1753135763771 0.0005 33
1753135810496 0.0005 34
1753135857227 0.0005 35
1753135908023 0.0005 36
1753135954776 0.0005 37
1753136001412 0.0005 38
1753136048038 0.0005 39
1753136094449 0.0005 40
1753136141089 0.0005 41
1753136187753 0.0005 42
1753136234362 0.0005 43
1753136281123 0.00025 44
1753136327756 0.00025 45
1753136374004 0.00025 46
1753136420790 0.00025 47
