1753129463006 24.600144364617087 1
1753129515860 15.247347842563283 2
1753129566432 12.310945223678242 3
1753129617005 12.768658329140056 4
1753129663481 10.877779803492807 5
1753129710150 10.604327765378086 6
1753129760585 11.296621653166683 7
1753129806929 10.808977289633317 8
1753129853586 9.956086088310588 9
1753129904255 9.93353838541291 10
1753129950790 9.493727608160539 11
1753129997664 10.781155396591533 12
1753130043982 9.751481099562211 13
1753130094110 9.365583219311453 14
1753130140757 10.110789114778692 15
1753130187288 9.793752995404331 16
1753130233801 9.16818790544163 17
1753130280178 8.733154963363301 18
1753130330493 8.412774709138004 19
1753130377113 11.082498436624354 20
1753130423657 9.040524975820022 21
1753130470158 8.431107607754795 22
1753130516575 8.257804382931102 23
1753130566865 9.546460899439724 24
1753130613147 9.51263180104169 25
1753130659570 8.544862378727306 26
1753130705931 8.016821834174069 27
1753130752242 7.94334756786173 28
1753130802678 8.119440793991089 29
1753130853243 8.45594369281422 30
1753130899727 8.242492540316148 31
1753130946178 7.482826942747289 32
1753130992454 7.656009988351301 33
1753131038556 8.5303895175457 34
1753131085145 8.351894248615611 35
1753131131627 9.492018000646071 36
1753131177943 9.35295738957145 37
1753131224503 8.346741356632926 38
1753131270976 7.262936703183434 39
1753131321082 7.189144706184214 40
1753131367753 7.236543016000227 41
1753131414616 6.857593688097867 42
1753131465122 6.915065694939006 43
1753131515631 6.686133799227801 44
1753131562093 6.825609922409058 45
1753131608478 7.340243610468778 46
1753131654945 7.031902378255671 47
1753131701256 6.870970812710849 48
1753131748032 6.4487672664902425 49
1753131794359 6.195566437461159 50
