1753136469425 0.001 1
1753136519831 0.001 2
1753136570365 0.001 3
1753136616938 0.001 4
1753136667262 0.001 5
1753136713676 0.001 6
1753136760306 0.001 7
1753136810878 0.001 8
1753136857325 0.001 9
1753136903992 0.001 10
1753136951127 0.001 11
1753136997761 0.001 12
1753137044146 0.001 13
1753137090861 0.001 14
1753137141581 0.001 15
1753137188587 0.001 16
1753137235132 0.001 17
1753137281599 0.001 18
1753137328414 0.001 19
1753137374917 0.001 20
1753137421448 0.001 21
1753137468351 0.001 22
1753137514892 0.0005 23
1753137561446 0.0005 24
1753137608415 0.0005 25
1753137655213 0.0005 26
1753137705677 0.0005 27
1753137755981 0.0005 28
1753137802601 0.0005 29
1753137849296 0.0005 30
1753137900250 0.0005 31
1753137950813 0.0005 32
1753137997385 0.0005 33
1753138044176 0.0005 34
1753138090769 0.0005 35
1753138137426 0.0005 36
1753138183754 0.0005 37
1753138230539 0.0005 38
1753138277300 0.0005 39
1753138324102 0.00025 40
1753138370963 0.00025 41
1753138421226 0.00025 42
1753138467643 0.00025 43
1753138513948 0.00025 44
1753138564852 0.00025 45
1753138611973 0.00025 46
1753138658912 0.00025 47
1753138705739 0.00025 48
1753138752231 0.00025 49
1753138802862 0.00025 50
