1753282490971 0.001 1
1753282549251 0.001 2
1753282607536 0.001 3
1753282661835 0.001 4
1753282716393 0.001 5
1753282771090 0.001 6
1753282829848 0.001 7
1753282884630 0.001 8
1753282939222 0.001 9
1753282998172 0.001 10
1753283053012 0.001 11
1753283112750 0.001 12
1753283171651 0.001 13
1753283226867 0.001 14
1753283285861 0.001 15
1753283345019 0.001 16
1753283400394 0.001 17
1753283455229 0.001 18
1753283510047 0.001 19
1753283569066 0.001 20
1753283624091 0.001 21
1753283679672 0.001 22
1753283738321 0.001 23
1753283792874 0.001 24
1753283847340 0.001 25
1753283901680 0.001 26
1753283956183 0.001 27
1753284010587 0.0005 28
1753284065479 0.0005 29
1753284120847 0.0005 30
1753284179616 0.0005 31
1753284234525 0.0005 32
1753284293274 0.0005 33
1753284348344 0.0005 34
1753284407304 0.0005 35
1753284462146 0.0005 36
1753284516785 0.0005 37
1753284571439 0.0005 38
1753284625869 0.0005 39
1753284680547 0.00025 40
1753284735654 0.00025 41
1753284791199 0.00025 42
1753284846604 0.00025 43
1753284901758 0.00025 44
1753284956824 0.00025 45
1753285012081 0.000125 46
1753285067194 0.000125 47
1753285122392 0.000125 48
1753285177665 0.000125 49
1753285235980 0.000125 50
1753285294479 0.000125 51
1753285348896 0.000125 52
1753285403353 0.000125 53
1753285457876 0.000125 54
1753285512883 0.000125 55
1753285567963 6.25e-05 56
1753285622997 6.25e-05 57
1753285677762 6.25e-05 58
1753285732643 6.25e-05 59
1753285787156 6.25e-05 60
1753285841937 6.25e-05 61
1753285896525 6.25e-05 62
1753285954993 6.25e-05 63
1753286010025 6.25e-05 64
1753286064620 6.25e-05 65
1753286119111 6.25e-05 66
1753286174006 6.25e-05 67
1753286228349 6.25e-05 68
1753286286783 6.25e-05 69
1753286341578 6.25e-05 70
1753286395866 6.25e-05 71
1753286450750 6.25e-05 72
1753286505782 6.25e-05 73
1753286561109 3.125e-05 74
1753286616300 3.125e-05 75
