1753282490971 26.777775955200195 1
1753282549251 11.642961072921754 2
1753282607536 10.5529816532135 3
1753282661835 10.146744537353516 4
1753282716393 9.396305274963378 5
1753282771090 8.441677904129028 6
1753282829848 8.803598098754883 7
1753282884630 8.507575588226318 8
1753282939222 9.027104682922364 9
1753282998172 8.268937339782715 10
1753283053012 8.468823652267456 11
1753283112750 7.47063307762146 12
1753283171651 8.047216148376465 13
1753283226867 7.871234245300293 14
1753283285861 7.330160036087036 15
1753283345019 7.329112606048584 16
1753283400394 8.264366617202759 17
1753283455229 8.239584512710572 18
1753283510047 7.240631532669068 19
1753283569066 6.816730594635009 20
1753283624091 6.821551704406739 21
1753283679672 6.20510395526886 22
1753283738321 6.195918550491333 23
1753283792874 6.806597080230713 24
1753283847340 6.521028203964233 25
1753283901680 6.9643685913085935 26
1753283956183 10.375383701324463 27
1753284010587 7.235626282691956 28
1753284065479 6.793856525421143 29
1753284120847 6.516778945922852 30
1753284179616 6.208724889755249 31
1753284234525 6.0149334526062015 32
1753284293274 5.981609573364258 33
1753284348344 6.4832087421417235 34
1753284407304 6.2627597904205325 35
1753284462146 5.950975179672241 36
1753284516785 5.942956409454346 37
1753284571439 6.108296890258789 38
1753284625869 5.593114452362061 39
1753284680547 5.701701016426086 40
1753284735654 5.639945759773254 41
1753284791199 5.388268899917603 42
1753284846604 5.596600847244263 43
1753284901758 5.581161985397339 44
1753284956824 5.339671020507812 45
1753285012081 5.362623496055603 46
1753285067194 5.439880237579346 47
1753285122392 5.552449707984924 48
1753285177665 4.981761231422424 49
1753285235980 5.20418728351593 50
1753285294479 5.135413913726807 51
1753285348896 5.584860396385193 52
1753285403353 5.261217994689941 53
1753285457876 5.600839490890503 54
1753285512883 4.924180154800415 55
1753285567963 5.097183728218079 56
1753285622997 4.9500401592254635 57
1753285677762 4.970603542327881 58
1753285732643 5.076882486343384 59
1753285787156 5.049777865409851 60
1753285841937 5.265829691886902 61
1753285896525 4.692823429107666 62
1753285954993 4.888119721412659 63
1753286010025 4.595516209602356 64
1753286064620 4.872888145446777 65
1753286119111 4.904855875968933 66
1753286174006 5.092274208068847 67
1753286228349 4.827895073890686 68
1753286286783 4.969876489639282 69
1753286341578 4.938706731796264 70
1753286395866 4.924222450256348 71
1753286450750 4.939110975265503 72
1753286505782 5.049942059516907 73
1753286561109 5.068407397270203 74
1753286616300 4.776902146339417 75
