1753282490971 479.6180517578125 1
1753282549251 86.96916160583496 2
1753282607536 71.76018730163574 3
1753282661835 66.765237159729 4
1753282716393 57.60981109619141 5
1753282771090 46.442710380554196 6
1753282829848 52.815556564331054 7
1753282884630 49.36084529876709 8
1753282939222 54.390085792541505 9
1753282998172 44.16572654724121 10
1753283053012 48.843519878387454 11
1753283112750 36.608011169433595 12
1753283171651 43.3312357711792 13
1753283226867 40.75971477508545 14
1753283285861 35.2620975112915 15
1753283345019 36.820290145874026 16
1753283400394 45.40404731750488 17
1753283455229 46.0611128616333 18
1753283510047 34.28302677154541 19
1753283569066 30.463454799652098 20
1753283624091 30.82927206039429 21
1753283679672 25.36404483795166 22
1753283738321 25.615684852600097 23
1753283792874 30.591139030456542 24
1753283847340 27.866782398223876 25
1753283901680 34.72778606414795 26
1753283956183 78.00523632049561 27
1753284010587 34.46114839553833 28
1753284065479 31.53613817214966 29
1753284120847 28.317639026641846 30
1753284179616 25.94123924255371 31
1753284234525 23.83547456741333 32
1753284293274 24.02341037750244 33
1753284348344 28.362220611572265 34
1753284407304 26.66638988494873 35
1753284462146 23.890002403259277 36
1753284516785 23.446159610748293 37
1753284571439 25.788579807281494 38
1753284625869 21.00983127593994 39
1753284680547 21.777053480148314 40
1753284735654 21.448264026641844 41
1753284791199 19.662421493530275 42
1753284846604 20.823587474822997 43
1753284901758 20.946370573043822 44
1753284956824 20.049630289077758 45
1753285012081 19.80517696380615 46
1753285067194 20.40477596282959 47
1753285122392 21.823030452728272 48
1753285177665 17.00831907272339 49
1753285235980 18.66082136154175 50
1753285294479 17.65670566558838 51
1753285348896 23.423529148101807 52
1753285403353 18.701844844818115 53
1753285457876 22.418420543670653 54
1753285512883 16.69458122253418 55
1753285567963 17.42612949371338 56
1753285622997 17.51253299713135 57
1753285677762 16.949717330932618 58
1753285732643 17.68461905479431 59
1753285787156 17.955935401916506 60
1753285841937 19.70435947418213 61
1753285896525 15.381990032196045 62
1753285954993 16.539672508239747 63
1753286010025 14.39751103401184 64
1753286064620 16.201825389862062 65
1753286119111 16.360649700164796 66
1753286174006 18.177601318359375 67
1753286228349 16.02512004852295 68
1753286286783 17.500904064178467 69
1753286341578 17.020703544616698 70
1753286395866 17.51122564315796 71
1753286450750 16.94499147415161 72
1753286505782 17.62664861679077 73
1753286561109 18.714446449279784 74
1753286616300 15.539554567337037 75
