1753136469425 545.3576296026057 1
1753136519831 108.15201421217485 2
1753136570365 77.75605141032825 3
1753136616938 66.4709544615312 4
1753136667262 65.07317720759998 5
1753136713676 61.70672460035844 6
1753136760306 50.696347973563455 7
1753136810878 50.39646369760687 8
1753136857325 49.6874696558172 9
1753136903992 66.61480972983621 10
1753136951127 56.55775906822898 11
1753136997761 43.86672167344527 12
1753137044146 39.2144002047452 13
1753137090861 41.82412940805609 14
1753137141581 38.6507865298878 15
1753137188587 39.220499060370706 16
1753137235132 33.98903588815169 17
1753137281599 29.136311401020397 18
1753137328414 28.76808645508506 19
1753137374917 30.44530300660567 20
1753137421448 27.975360566919502 21
1753137468351 28.565493843772195 22
1753137514892 45.934132706035264 23
1753137561446 34.942702466791324 24
1753137608415 33.13748652284796 25
1753137655213 29.13381977514787 26
1753137705677 26.75285575606606 27
1753137755981 37.0075562433763 28
1753137802601 31.715930331837047 29
1753137849296 24.97315937822515 30
1753137900250 22.909990093924783 31
1753137950813 25.46386957168579 32
1753137997385 25.53292133591392 33
1753138044176 21.24229604547674 34
1753138090769 33.84803026372736 35
1753138137426 33.79915287277915 36
1753138183754 26.878696138208564 37
1753138230539 24.403431588953193 38
1753138277300 21.64096301252192 39
1753138324102 21.751543738625266 40
1753138370963 19.532015930522572 41
1753138421226 22.549887548793446 42
1753138467643 19.175093932585284 43
1753138513948 22.076558763330635 44
1753138564852 19.550569274208762 45
1753138611973 18.854392896999013 46
1753138658912 17.13732327114452 47
1753138705739 19.05605918710882 48
1753138752231 19.934230067513205 49
1753138802862 23.116844155571677 50
