1753143534160 44.928843931718305 1
1753143585275 38.00430982763117 2
1753143635957 33.25568467920477 3
1753143687047 29.376493367281828 4
1753143738004 26.174326853318647 5
1753143788967 23.324310519478537 6
1753143840353 20.877922426570546 7
1753143891715 19.237123922868207 8
1753143943115 17.662826841527764 9
1753143994714 16.415744413029064 10
1753144046292 15.120015079324896 11
1753144097893 14.325586752458053 12
1753144149165 13.34125059301203 13
1753144196665 12.194024151021784 14
1753144248514 12.222524111921137 15
1753144296103 11.70674315365878 16
1753144347629 11.481211586432023 17
1753144398242 10.908425840464504 18
1753144449030 10.75085664879192 19
1753144499959 10.922629518942399 20
1753144546538 10.186517151919277 21
1753144597391 9.906339114362543 22
1753144647790 9.366019303148443 23
1753144694245 9.25050151348114 24
1753144744472 9.382886431433938 25
1753144794927 8.881919221444564 26
1753144845517 8.504588257182728 27
1753144892223 8.950571710413152 28
1753144942485 8.594702915711837 29
1753144989025 9.156231435862454 30
1753145039386 8.609983465888284 31
1753145090107 8.548758430914445 32
1753145140515 8.706616098230535 33
1753145191014 8.224872155623002 34
1753145241256 8.392290895635432 35
1753145287853 8.58813459222967 36
1753145334217 7.859875722364946 37
1753145380737 7.723938410932368 38
1753145427441 8.233144727620212 39
1753145473921 7.827030767094005 40
1753145520438 8.267470316453414 41
1753145566882 7.965930461883545 42
1753145613041 7.617979233915156 43
1753145663357 7.450267683375966 44
1753145713929 7.513311884619973 45
1753145760478 7.689323446967385 46
1753145806998 7.281923922625455 47
1753145853828 7.482679843902588 48
1753145900402 6.7975487167185005 49
1753145946714 7.3140000321648335 50
