1753198072073 0.001 1
1753198133647 0.001 2
1753198194691 0.001 3
1753198255254 0.001 4
1753198311390 0.001 5
1753198372068 0.001 6
1753198428731 0.001 7
1753198484871 0.001 8
1753198545470 0.001 9
1753198602002 0.001 10
1753198658179 0.001 11
1753198714130 0.001 12
1753198774374 0.001 13
1753198830504 0.001 14
1753198886912 0.001 15
1753198943052 0.001 16
1753198999286 0.001 17
1753199059554 0.001 18
1753199119671 0.001 19
1753199182041 0.001 20
1753199241629 0.001 21
1753199297383 0.001 22
1753199353246 0.001 23
1753199413261 0.001 24
1753199469058 0.001 25
1753199524807 0.001 26
1753199584507 0.001 27
1753199640037 0.001 28
1753199695700 0.001 29
1753199751076 0.001 30
1753199806877 0.001 31
1753199862681 0.001 32
1753199922707 0.001 33
1753199978380 0.001 34
1753200033855 0.001 35
1753200089266 0.001 36
1753200145568 0.001 37
1753200201099 0.001 38
1753200256496 0.001 39
1753200312001 0.001 40
1753200367380 0.001 41
1753200423262 0.001 42
1753200482996 0.001 43
1753200538420 0.001 44
1753200593854 0.001 45
1753200649513 0.001 46
1753200709674 0.001 47
1753200765680 0.001 48
1753200821470 0.001 49
1753200877290 0.001 50
1753200933150 0.001 51
1753200988593 0.001 52
1753201044065 0.001 53
1753201103824 0.001 54
1753201159125 0.001 55
1753201214445 0.001 56
1753201269821 0.001 57
1753201325440 0.001 58
1753201381195 0.001 59
1753201436531 0.001 60
1753201492252 0.001 61
1753201547769 0.001 62
1753201607445 0.001 63
1753201667613 0.001 64
1753201723190 0.001 65
1753201778756 0.001 66
1753201834128 0.001 67
1753201889566 0.001 68
1753201945432 0.001 69
1753202001352 0.001 70
1753202057037 0.001 71
1753202112632 0.001 72
1753202168233 0.001 73
1753202223545 0.0005 74
1753202279289 0.0005 75
