1753198072073 27.535640754699706 1
1753198133647 12.596045131683349 2
1753198194691 10.367265901565553 3
1753198255254 9.667750225067138 4
1753198311390 9.181882963180541 5
1753198372068 8.785474681854248 6
1753198428731 9.12802261352539 7
1753198484871 8.339299440383911 8
1753198545470 9.25632266998291 9
1753198602002 8.04637978553772 10
1753198658179 7.97463544845581 11
1753198714130 7.722884893417358 12
1753198774374 7.388093137741089 13
1753198830504 7.776229248046875 14
1753198886912 9.547867555618286 15
1753198943052 9.818422422409057 16
1753198999286 7.754082651138305 17
1753199059554 6.978947734832763 18
1753199119671 7.016482219696045 19
1753199182041 7.30612042427063 20
1753199241629 6.855779113769532 21
1753199297383 7.105969581604004 22
1753199353246 6.196146421432495 23
1753199413261 6.103184995651245 24
1753199469058 6.509453001022339 25
1753199524807 6.227534837722779 26
1753199584507 6.031950759887695 27
1753199640037 5.912699146270752 28
1753199695700 5.842842307090759 29
1753199751076 5.836899719238281 30
1753199806877 5.995652084350586 31
1753199862681 5.621096277236939 32
1753199922707 5.870282201766968 33
1753199978380 6.633067798614502 34
1753200033855 5.627619123458862 35
1753200089266 5.639014444351196 36
1753200145568 6.100696926116943 37
1753200201099 5.683285894393921 38
1753200256496 5.652260828018188 39
1753200312001 5.352252373695373 40
1753200367380 5.240571203231812 41
1753200423262 5.52806432723999 42
1753200482996 6.015211606025696 43
1753200538420 6.205410451889038 44
1753200593854 5.582152013778686 45
1753200649513 5.418968110084534 46
1753200709674 6.7311582136154176 47
1753200765680 6.986459083557129 48
1753200821470 5.9496603679656985 49
1753200877290 6.512108345031738 50
1753200933150 5.420172309875488 51
1753200988593 5.144295334815979 52
1753201044065 5.2148240327835085 53
1753201103824 4.877352929115295 54
1753201159125 5.171848616600037 55
1753201214445 5.034232702255249 56
1753201269821 5.08393159866333 57
1753201325440 4.711286706924438 58
1753201381195 5.007344093322754 59
1753201436531 4.554491577148437 60
1753201492252 4.677286219596863 61
1753201547769 4.66957275390625 62
1753201607445 4.819903259277344 63
1753201667613 4.720816955566407 64
1753201723190 4.653383345603943 65
1753201778756 4.749072136878968 66
1753201834128 9.544844832420349 67
1753201889566 7.640492210388183 68
1753201945432 6.9749377346038814 69
1753202001352 6.838916082382202 70
1753202057037 6.027980809211731 71
1753202112632 6.20787404537201 72
1753202168233 7.431670331954956 73
1753202223545 6.4119077491760255 74
1753202279289 6.033693256378174 75
