1753198072073 513.9653845214843 1
1753198133647 104.03641807556153 2
1753198194691 71.09955215454102 3
1753198255254 61.890342483520506 4
1753198311390 55.541760749816895 5
1753198372068 50.84237033843994 6
1753198428731 54.90711971282959 7
1753198484871 45.50259506225586 8
1753198545470 54.69939697265625 9
1753198602002 43.15087160110474 10
1753198658179 41.47961868286133 11
1753198714130 39.31946949005127 12
1753198774374 35.97747543334961 13
1753198830504 39.03862363815308 14
1753198886912 71.89917625427246 15
1753198943052 64.32153762817383 16
1753198999286 39.73012378692627 17
1753199059554 31.58873872756958 18
1753199119671 32.19805784225464 19
1753199182041 35.179649925231935 20
1753199241629 31.9427988243103 21
1753199297383 32.98859981536865 22
1753199353246 25.406005878448486 23
1753199413261 24.152667846679687 24
1753199469058 28.04178159713745 25
1753199524807 25.958938598632812 26
1753199584507 24.476717262268068 27
1753199640037 22.97602352142334 28
1753199695700 22.90748956680298 29
1753199751076 23.131386280059814 30
1753199806877 23.88813907623291 31
1753199862681 20.903315296173094 32
1753199922707 24.938829517364503 33
1753199978380 28.871586399078367 34
1753200033855 21.299642343521118 35
1753200089266 21.34971742630005 36
1753200145568 25.024740447998045 37
1753200201099 22.09378507614136 38
1753200256496 21.48067901611328 39
1753200312001 19.0998260307312 40
1753200367380 19.149197473526 41
1753200423262 20.336338329315186 42
1753200482996 25.751311206817626 43
1753200538420 26.65595006942749 44
1753200593854 21.207938327789307 45
1753200649513 20.336050052642822 46
1753200709674 36.34092144012451 47
1753200765680 33.63085933685303 48
1753200821470 23.907545928955077 49
1753200877290 28.930075550079344 50
1753200933150 20.086301612854005 51
1753200988593 18.148260955810546 52
1753201044065 18.834534606933595 53
1753201103824 16.196010036468508 54
1753201159125 17.94305028915405 55
1753201214445 17.647265300750732 56
1753201269821 17.97322338104248 57
1753201325440 14.895738105773926 58
1753201381195 17.379441080093383 59
1753201436531 13.981255693435669 60
1753201492252 15.401795854568482 61
1753201547769 14.864224853515625 62
1753201607445 15.430856447219849 63
1753201667613 15.145530223846436 64
1753201723190 15.026666383743287 65
1753201778756 15.63985450744629 66
1753201834128 89.42872806549072 67
1753201889566 39.84645685195923 68
1753201945432 33.92496234893799 69
1753202001352 31.85236463546753 70
1753202057037 24.91471046447754 71
1753202112632 27.032510385513305 72
1753202168233 42.77164705276489 73
1753202223545 28.078153247833253 74
1753202279289 24.189905376434325 75
