1753193761388 0.001 1
1753193822059 0.001 2
1753193883143 0.001 3
1753193944091 0.001 4
1753194000862 0.001 5
1753194062136 0.001 6
1753194123175 0.001 7
1753194179129 0.001 8
1753194235201 0.001 9
1753194291460 0.001 10
1753194351553 0.001 11
1753194411848 0.001 12
1753194468324 0.001 13
1753194524429 0.001 14
1753194580524 0.001 15
1753194636539 0.001 16
1753194692450 0.001 17
1753194748305 0.001 18
1753194804157 0.001 19
1753194860433 0.001 20
1753194916336 0.001 21
1753194972377 0.001 22
1753195032672 0.001 23
1753195092884 0.001 24
1753195149022 0.001 25
1753195209416 0.001 26
1753195265148 0.001 27
1753195321342 0.001 28
1753195377394 0.001 29
1753195433352 0.001 30
1753195489253 0.001 31
1753195545199 0.001 32
1753195601180 0.001 33
1753195656876 0.001 34
1753195711857 0.001 35
1753195766901 0.0005 36
1753195821968 0.0005 37
1753195881237 0.0005 38
1753195936105 0.0005 39
1753195995066 0.0005 40
1753196049882 0.0005 41
1753196109111 0.0005 42
1753196163800 0.0005 43
1753196223322 0.0005 44
1753196278861 0.0005 45
1753196334298 0.0005 46
1753196393858 0.0005 47
1753196449266 0.0005 48
1753196508872 0.0005 49
1753196564239 0.0005 50
1753196619609 0.0005 51
1753196675056 0.0005 52
1753196730449 0.0005 53
1753196785927 0.0005 54
1753196841592 0.0005 55
1753196897141 0.0005 56
1753196952687 0.0005 57
1753197008207 0.0005 58
1753197063858 0.00025 59
1753197118980 0.00025 60
1753197174455 0.00025 61
1753197233884 0.00025 62
1753197289322 0.00025 63
1753197344856 0.00025 64
1753197400157 0.00025 65
1753197455344 0.00025 66
1753197514846 0.00025 67
1753197570416 0.00025 68
1753197626149 0.00025 69
1753197685688 0.00025 70
1753197741044 0.00025 71
1753197796315 0.00025 72
1753197851840 0.00025 73
1753197907360 0.00025 74
1753197962804 0.00025 75
