1753193761388 483.7344218444824 1
1753193822059 100.60908538818359 2
1753193883143 74.98596996307373 3
1753193944091 65.73504920959472 4
1753194000862 56.09854637145996 5
1753194062136 45.02895030975342 6
1753194123175 49.4330742263794 7
1753194179129 41.7857901763916 8
1753194235201 49.97628803253174 9
1753194291460 39.72811653137207 10
1753194351553 37.540917778015135 11
1753194411848 36.81890213012695 12
1753194468324 39.10111139297485 13
1753194524429 41.99273239135742 14
1753194580524 37.51533863067627 15
1753194636539 43.83485221862793 16
1753194692450 34.3740797996521 17
1753194748305 30.30119239807129 18
1753194804157 33.21477298736572 19
1753194860433 37.84780324935913 20
1753194916336 33.77650421142578 21
1753194972377 30.138815841674806 22
1753195032672 28.30516279220581 23
1753195092884 25.66324977874756 24
1753195149022 26.657071933746337 25
1753195209416 32.37058395385742 26
1753195265148 41.82736175537109 27
1753195321342 28.343248424530028 28
1753195377394 22.738447036743164 29
1753195433352 23.442524852752687 30
1753195489253 28.277475872039794 31
1753195545199 22.24324752807617 32
1753195601180 23.950571537017822 33
1753195656876 22.342745742797852 34
1753195711857 24.590640392303467 35
1753195766901 20.988813190460206 36
1753195821968 19.34865629196167 37
1753195881237 17.287026891708376 38
1753195936105 16.831792392730712 39
1753195995066 18.531538352966308 40
1753196049882 17.216770706176757 41
1753196109111 15.403353672027588 42
1753196163800 14.176140413284301 43
1753196223322 17.118866844177248 44
1753196278861 16.830148143768312 45
1753196334298 15.8799254322052 46
1753196393858 15.618303775787354 47
1753196449266 14.989201564788818 48
1753196508872 20.574613666534425 49
1753196564239 19.3298975276947 50
1753196619609 25.481790370941162 51
1753196675056 18.09353295326233 52
1753196730449 16.2767209815979 53
1753196785927 16.278087902069093 54
1753196841592 16.255712747573853 55
1753196897141 17.591393117904662 56
1753196952687 14.784115152359009 57
1753197008207 17.719821672439576 58
1753197063858 16.086240825653075 59
1753197118980 13.51901213645935 60
1753197174455 14.192192697525025 61
1753197233884 13.308110399246216 62
1753197289322 13.114636402130127 63
1753197344856 13.098623886108399 64
1753197400157 14.963719358444214 65
1753197455344 17.002593088150025 66
1753197514846 14.516340770721435 67
1753197570416 13.918521556854248 68
1753197626149 13.544042110443115 69
1753197685688 15.668913488388062 70
1753197741044 14.715648784637452 71
1753197796315 14.70821632385254 72
1753197851840 12.51078456878662 73
1753197907360 12.282974910736083 74
1753197962804 13.345577163696289 75
