1753193761388 26.701194286346436 1
1753193822059 12.498313007354737 2
1753193883143 10.633867874145508 3
1753193944091 10.111178007125854 4
1753194000862 9.230038290023804 5
1753194062136 8.306232175827027 6
1753194123175 8.591861238479614 7
1753194179129 7.987548608779907 8
1753194235201 8.664840116500855 9
1753194291460 7.882280931472779 10
1753194351553 7.545802793502808 11
1753194411848 7.496696977615357 12
1753194468324 7.526196088790893 13
1753194524429 8.042241821289062 14
1753194580524 7.51575478553772 15
1753194636539 8.030745048522949 16
1753194692450 7.270000562667847 17
1753194748305 6.80188759803772 18
1753194804157 7.030104475021362 19
1753194860433 7.480718955993653 20
1753194916336 7.09551661491394 21
1753194972377 6.6930114364624025 22
1753195032672 6.5385315895080565 23
1753195092884 6.249017562866211 24
1753195149022 6.304597425460815 25
1753195209416 6.520576734542846 26
1753195265148 7.730439968109131 27
1753195321342 6.63333911895752 28
1753195377394 5.849582672119141 29
1753195433352 5.8337513446807865 30
1753195489253 6.487176837921143 31
1753195545199 5.739316234588623 32
1753195601180 5.941177253723144 33
1753195656876 5.73733118057251 34
1753195711857 5.88456666469574 35
1753195766901 5.526042656898499 36
1753195821968 5.29730007648468 37
1753195881237 5.03318021774292 38
1753195936105 4.914578261375428 39
1753195995066 5.165369715690613 40
1753196049882 5.08145613193512 41
1753196109111 4.647082099914551 42
1753196163800 4.576009378433228 43
1753196223322 4.983094673156739 44
1753196278861 4.889391322135925 45
1753196334298 4.826515054702758 46
1753196393858 4.775944185256958 47
1753196449266 4.664648962020874 48
1753196508872 5.3591994953155515 49
1753196564239 5.274209485054016 50
1753196619609 5.813836965560913 51
1753196675056 5.161151261329651 52
1753196730449 4.900889277458191 53
1753196785927 4.86854558467865 54
1753196841592 4.80942750453949 55
1753196897141 5.066542129516602 56
1753196952687 4.643587889671326 57
1753197008207 4.977813186645508 58
1753197063858 4.851516642570496 59
1753197118980 4.483300843238831 60
1753197174455 4.51200599193573 61
1753197233884 4.406473274230957 62
1753197289322 4.381903047561646 63
1753197344856 4.281992363929748 64
1753197400157 4.608272557258606 65
1753197455344 4.705815997123718 66
1753197514846 4.526131501197815 67
1753197570416 4.442658519744873 68
1753197626149 4.410423607826233 69
1753197685688 4.712139601707459 70
1753197741044 4.5666421699523925 71
1753197796315 4.528145108222962 72
1753197851840 4.324120206832886 73
1753197907360 4.209175095558167 74
1753197962804 4.39561785697937 75
