1753138881225 43.81979758089239 1
1753138932311 34.33867081728849 2
1753138983277 28.31232649629766 3
1753139034191 23.43140848116441 4
1753139085179 20.47767073457891 5
1753139136068 17.964453572576698 6
1753139187702 16.334442788904365 7
1753139238795 15.356991496953098 8
1753139286327 14.549260833046652 9
1753139338108 13.415794518860904 10
1753139385511 13.3155139522119 11
1753139433440 12.94444139437242 12
1753139485003 12.817541507157413 13
1753139536068 12.420453174547715 14
1753139582847 11.92266102812507 15
1753139629417 11.458081657236272 16
1753139680036 10.930341167883439 17
1753139726347 11.051902391693808 18
1753139776579 10.894818755713375 19
1753139823066 10.914204586635936 20
1753139869698 10.168373194607822 21
1753139920553 10.03997934406454 22
1753139966757 10.395127773284912 23
1753140013323 10.42304333231666 24
1753140060115 9.92247759212147 25
1753140106717 9.759966552257538 26
1753140153467 10.128907073627818 27
1753140200052 10.394904873587869 28
1753140246443 9.548536815426566 29
1753140292957 9.785688470710408 30
1753140339204 9.764574598182332 31
1753140385610 9.094007275321268 32
1753140436316 8.674061590974981 33
1753140486929 9.115379279310053 34
1753140533297 8.912859689105641 35
1753140583975 8.843713142655112 36
1753140630819 8.868708030744033 37
1753140681454 8.92176817222075 38
1753140727842 9.542683904821223 39
1753140774545 9.016415205868809 40
1753140821323 8.876867565241726 41
1753140867655 9.681223544207485 42
1753140914118 9.40205921910026 43
1753140960590 9.348786381157963 44
1753141006994 8.973342256112533 45
1753141053544 8.720767162062906 46
1753141099874 8.713009075684981 47
1753141146142 8.963645772500472 48
1753141192719 8.787501486864956 49
