1753138881225 1122.7344852794301 1
1753138932311 696.8586498607289 2
1753138983277 473.62633375688034 3
1753139034191 332.1633345864036 4
1753139085179 255.39573548056862 5
1753139136068 200.8263849778609 6
1753139187702 171.7719440460205 7
1753139238795 150.21354072744197 8
1753139286327 132.16279034181073 9
1753139338108 117.39016936042093 10
1753139385511 113.14863694797863 11
1753139433440 108.32093126123601 12
1753139485003 110.04336628046903 13
1753139536068 102.30954564701428 14
1753139582847 91.01098426905546 15
1753139629417 86.06326062029058 16
1753139680036 79.74233503775163 17
1753139726347 82.17253563620828 18
1753139776579 82.90793353861028 19
1753139823066 77.77271167798476 20
1753139869698 71.67970991134644 21
1753139920553 69.38687354868108 22
1753139966757 74.49203996224837 23
1753140013323 73.82610700347207 24
1753140060115 65.35386442054401 25
1753140106717 68.81829537044872 26
1753140153467 67.68173037875782 27
1753140200052 74.50589858401905 28
1753140246443 62.105909239162095 29
1753140292957 65.46423810178584 30
1753140339204 66.77472105893222 31
1753140385610 55.28030144084584 32
1753140436316 50.66945680704984 33
1753140486929 60.441665627739646 34
1753140533297 54.36993204463612 35
1753140583975 54.77042148329995 36
1753140630819 54.4478349794041 37
1753140681454 58.0751882574775 38
1753140727842 63.2417394247922 39
1753140774545 56.52471915158358 40
1753140821323 56.41825812513178 41
1753140867655 68.54210863330148 42
1753140914118 69.03485761989246 43
1753140960590 64.2167916948145 44
1753141006994 56.06986198642037 45
1753141053544 53.814797683195636 46
1753141099874 52.012703917243265 47
1753141146142 58.19969014687972 48
1753141192719 55.021183891729876 49
