1753056844659 0.001 1
1753057288675 0.001 2
1753057693479 0.001 3
1753058120483 0.001 4
1753058552035 0.001 5
1753058919638 0.001 6
1753059346332 0.001 7
1753059762101 0.001 8
1753060142398 0.001 9
1753060520290 0.001 10
1753061000112 0.001 11
1753061414760 0.001 12
1753061796631 0.001 13
1753062182295 0.001 14
1753062586786 0.001 15
1753062967876 0.001 16
1753063349981 0.001 17
1753063747568 0.001 18
1753064258417 0.001 19
1753064619095 0.001 20
1753065019396 0.001 21
1753065381086 0.001 22
1753065736893 0.001 23
1753066145966 0.001 24
