1753056844659 28.60674079981717 1
1753057288675 12.356643546711314 2
1753057693479 9.798303333195774 3
1753058120483 10.633925329555165 4
1753058552035 10.739013227549465 5
1753058919638 9.968288800933145 6
1753059346332 9.716695395382969 7
1753059762101 8.95597943392667 8
1753060142398 9.018695917996494 9
1753060520290 8.586614088578658 10
1753061000112 8.373651157725941 11
1753061414760 7.822076385671442 12
1753061796631 7.58623591336337 13
1753062182295 7.727881713347002 14
1753062586786 7.614821325648915 15
1753062967876 7.637736038728193 16
1753063349981 7.491004542870955 17
1753063747568 6.622977072542364 18
1753064258417 6.964659116484902 19
1753064619095 8.186453244902872 20
1753065019396 7.826445947993886 21
1753065381086 7.156942790204829 22
1753065736893 6.9660315621982924 23
1753066145966 6.444744196805087 24
