1753056844659 538.3937690041282 1
1753057288675 99.01996300437234 2
1753057693479 62.9325797774575 3
1753058120483 73.54531708630648 4
1753058552035 77.04811226237904 5
1753058919638 65.99013545296408 6
1753059346332 65.74980202588168 7
1753059762101 53.051811174912885 8
1753060142398 55.51578773151744 9
1753060520290 48.01402343403209 10
1753061000112 47.86286713860252 11
1753061414760 40.40375445105813 12
1753061796631 36.404334415089004 13
1753062182295 39.64126838337291 14
1753062586786 38.17226639660922 15
1753062967876 37.37391320141879 16
1753063349981 36.69356608390808 17
1753063747568 28.71409955891696 18
1753064258417 32.473002498800106 19
1753064619095 45.46837800199335 20
1753065019396 40.57406033169139 21
1753065381086 34.144670789892025 22
1753065736893 31.698171875693582 23
1753066145966 27.56507444381714 24
