1753134236026 521.0103222240101 1
1753134286833 103.77148411490701 2
1753134337825 77.35248140855269 3
1753134388952 68.28587098555131 4
1753134435828 66.721519947052 5
1753134483106 59.91526681726629 6
1753134530456 48.5971896648407 7
1753134582138 47.86771167408336 8
1753134628931 57.93172810294411 9
1753134675716 45.06499099731445 10
1753134722328 47.856591788205236 11
1753134768995 46.20186155492609 12
1753134819629 41.64821189100092 13
1753134866312 43.01672820611434 14
1753134912772 34.48659192432057 15
1753134963270 42.61747039448131 16
1753135009916 34.78815451535311 17
1753135060226 29.217396215959027 18
1753135106812 27.862649700858377 19
1753135153356 33.61922866647894 20
1753135199974 31.691954005848277 21
1753135246839 28.267743262377653 22
1753135293970 27.846012180501763 23
1753135340695 24.309574842453003 24
1753135387072 32.01275682449341 25
1753135433973 30.86300843412226 26
1753135480623 27.866394238038495 27
1753135527178 25.517023129896685 28
1753135573910 21.894124356183138 29
1753135624476 35.10915307565169 30
1753135671072 33.418626351789996 31
1753135717400 26.40067796273665 32
1753135763771 26.646251244978473 33
1753135810496 31.575258363376964 34
1753135857227 22.120694290507924 35
1753135908023 23.26903317191384 36
1753135954776 19.49088361046531 37
1753136001412 23.27769032391635 38
1753136048038 21.429693265394732 39
1753136094449 19.606711983680725 40
1753136141089 24.570978684858844 41
1753136187753 62.16453110088002 42
1753136234362 33.28620767593384 43
1753136281123 25.464926199479535 44
1753136327756 25.977141878821634 45
1753136374004 21.43492930585688 46
1753136420790 20.198243683034722 47
