1753134236026 28.162013552405618 1
1753134286833 12.663252689621665 2
1753134337825 10.84944597157565 3
1753134388952 10.153095776384527 4
1753134435828 10.080125819553029 5
1753134483106 9.518775842406534 6
1753134530456 8.678123929283835 7
1753134582138 8.548173449256204 8
1753134628931 9.412763736464761 9
1753134675716 8.347454753789036 10
1753134722328 8.364779819141734 11
1753134768995 8.361127376556396 12
1753134819629 7.900947093963623 13
1753134866312 8.032364877787503 14
1753134912772 7.224455833435059 15
1753134963270 7.965368129990318 16
1753135009916 7.283672116019509 17
1753135060226 6.573415420272133 18
1753135106812 6.548008040948347 19
1753135153356 7.216624509204518 20
1753135199974 6.898032004182989 21
1753135246839 6.446454936807806 22
1753135293970 6.51883293281902 23
1753135340695 6.117157199166038 24
1753135387072 6.760973789475181 25
1753135433973 6.784978649832985 26
1753135480623 6.413264588876204 27
1753135527178 6.163809288631786 28
1753135573910 5.727761702104048 29
1753135624476 6.896836497566917 30
1753135671072 7.014268409122121 31
1753135717400 6.274753765626387 32
1753135763771 6.055013515732505 33
1753135810496 6.732307477430864 34
1753135857227 5.796005660837347 35
1753135908023 5.7865167314356025 36
1753135954776 5.363506615161896 37
1753136001412 5.801195935769514 38
1753136048038 5.59473562782461 39
1753136094449 5.425435147502205 40
1753136141089 5.833556630394676 41
1753136187753 9.000647794116627 42
1753136234362 6.89902261170474 43
1753136281123 6.175940448587591 44
1753136327756 6.173470757224343 45
1753136374004 5.65007863261483 46
1753136420790 5.443951390006325 47
