1753145999331 0.0001 1
1753146049759 0.0001 2
1753146100143 0.0001 3
1753146150326 0.0001 4
1753146200944 0.0001 5
1753146251172 0.0001 6
1753146301894 0.0001 7
1753146352453 0.0001 8
1753146403131 0.0001 9
1753146453394 0.0001 10
1753146503824 0.0001 11
1753146554171 0.0001 12
1753146604806 0.0001 13
1753146655303 0.0001 14
1753146701912 0.0001 15
1753146752340 0.0001 16
1753146802903 0.0001 17
1753146853600 0.0001 18
1753146900109 0.0001 19
1753146946725 0.0001 20
1753146997267 0.0001 21
1753147047867 0.0001 22
1753147094242 0.0001 23
1753147140718 0.0001 24
1753147191060 0.0001 25
1753147241434 0.0001 26
1753147292152 0.0001 27
1753147338765 0.0001 28
1753147389131 0.0001 29
1753147439541 0.0001 30
1753147485978 0.0001 31
1753147532251 0.0001 32
1753147582603 0.0001 33
1753147629271 0.0001 34
1753147679931 0.0001 35
1753147726447 0.0001 36
1753147776834 0.0001 37
1753147823149 0.0001 38
1753147869507 0.0001 39
1753147919896 0.0001 40
1753147966451 0.0001 41
1753148012993 0.0001 42
1753148059373 0.0001 43
1753148106203 0.0001 44
1753148152813 0.0001 45
1753148199234 0.0001 46
1753148245683 0.0001 47
1753148292236 5e-05 48
1753148339038 5e-05 49
1753148389549 5e-05 50
