1753131843092 25.238976326855745 1
1753131893118 14.765419233929027 2
1753131939320 12.02883491190997 3
1753131989564 11.497586011886597 4
1753132040141 12.105734369971536 5
1753132086457 11.229872465133667 6
1753132133092 10.300278717821294 7
1753132179576 10.887473306872629 8
1753132226063 10.49508947134018 9
1753132272481 10.25134399804202 10
1753132318946 11.039178187196905 11
1753132365484 10.432283238931136 12
1753132415764 10.189182910052212 13
1753132462438 11.002733707427979 14
1753132508805 9.814570372754877 15
1753132559039 9.454258702018045 16
1753132609387 9.132492141290145 17
1753132656144 8.711844048716806 18
1753132706280 8.223829112269662 19
1753132752578 9.964876277880235 20
1753132799022 10.865610718727112 21
1753132845642 9.336799079721624 22
1753132892227 9.675086899237199 23
1753132938717 9.247881482947957 24
1753132984991 8.547573154622858 25
1753133031640 8.239517845890738 26
1753133078345 8.375580765984274 27
1753133124838 7.976673911918294 28
1753133171236 7.794265462593599 29
1753133221680 7.599463297562166 30
1753133268031 7.350155104290355 31
1753133314355 7.5809350122104995 32
1753133360666 7.164668370376933 33
1753133407072 7.4150225791064175 34
1753133453542 8.152272162112324 35
1753133499805 7.760524543848905 36
1753133546106 6.996716900305315 37
1753133592693 7.630614351142537 38
1753133643472 7.067780429666692 39
1753133690159 6.71612916209481 40
1753133736583 7.425549664280632 41
1753133782799 6.700566405599767 42
1753133829205 7.0513167029077355 43
1753133875833 7.396658033132553 44
1753133926216 6.638387839902531 45
1753133976672 6.710862528194081 46
1753134023000 6.867374853654341 47
1753134073743 6.842429142106663 48
1753134120100 6.5493873520330945 49
1753134166576 7.737669012763283 50
