1753039851346 412.2126082940535 1
1753040121251 165.53971964662725 2
1753040403549 99.14245184985074 3
1753040622458 96.8982905474576 4
1753040837385 105.00880180705677 5
1753041055750 113.67283970659429 6
1753041278948 79.80866978385232 7
1753041539562 91.33311421220952 8
1753041765355 83.94120464541696 9
1753041983378 77.82791959155689 10
1753042252697 71.03494670174338 11
1753042514297 65.43394281647421 12
1753042767763 79.96887915784663 13
1753043022620 58.15601071444425 14
1753043314123 52.58662649718198 15
1753043568768 53.48337896303697 16
1753043824243 52.422268173911355 17
1753044079428 58.990571455522016 18
1753044340008 76.9947591044686 19
1753044617510 52.06782870942896 20
1753044917817 53.59037416631525 21
1753045228495 45.77803473039107 22
1753045600878 42.29243100773204 23
1753046024991 42.511148225177415 24
1753046466154 36.46816676313227 25
1753046945085 85.68075934323397 26
1753047321123 68.98648702014576 27
1753047750252 44.75045636567202 28
1753048112314 53.568428288806565 29
1753048491386 52.91944564472545 30
1753048917463 45.914697885513306 31
1753049328745 59.76331385699186 32
1753049721389 69.51221327348189 33
1753050116851 41.976828174157575 34
1753050517284 42.125981731848285 35
1753050883852 37.15491756525907 36
1753051263168 49.27115066484971 37
1753051669002 58.803466482595965 38
1753052064357 49.42135555093939 39
1753052432583 36.40508594296195 40
1753052826585 47.30534130876715 41
1753053226445 38.451743570241064 42
1753053614787 42.722012368115514 43
1753054060552 31.39640747417103 44
1753054491428 41.283335913311355 45
1753054885007 33.85230173847892 46
1753055273790 36.79559661041606 47
1753055671905 34.1579946658828 48
1753056067670 34.354298819195144 49
1753056434126 33.12256450002844 50
