1753141240962 0.0001 1
1753141291475 0.0001 2
1753141341745 0.0001 3
1753141392230 0.0001 4
1753141442284 0.0001 5
1753141492653 0.0001 6
1753141542831 0.0001 7
1753141589365 0.0001 8
1753141639812 0.0001 9
1753141690225 0.0001 10
1753141740598 0.0001 11
1753141791002 0.0001 12
1753141841474 0.0001 13
1753141887762 0.0001 14
1753141938075 0.0001 15
1753141988649 0.0001 16
1753142035064 0.0001 17
1753142085441 0.0001 18
1753142135592 0.0001 19
1753142181909 0.0001 20
1753142232252 0.0001 21
1753142278612 0.0001 22
1753142324905 0.0001 23
1753142371116 0.0001 24
1753142417584 0.0001 25
1753142463688 0.0001 26
1753142510199 0.0001 27
1753142556722 0.0001 28
1753142607165 0.0001 29
1753142653865 0.0001 30
1753142700247 0.0001 31
1753142746598 0.0001 32
1753142792868 0.0001 33
1753142839314 0.0001 34
1753142885672 0.0001 35
1753142935857 0.0001 36
1753142982120 0.0001 37
1753143028245 0.0001 38
1753143074441 0.0001 39
1753143121034 0.0001 40
1753143167471 0.0001 41
1753143213614 0.0001 42
1753143260144 0.0001 43
1753143306472 5e-05 44
1753143352875 5e-05 45
1753143399294 5e-05 46
1753143445614 5e-05 47
