1753141240962 1082.2655109058726 1
1753141291475 665.7359886169434 2
1753141341745 442.1417827606201 3
1753141392230 323.38460818204015 4
1753141442284 245.08647736636075 5
1753141492653 198.4699024287137 6
1753141542831 176.2325426448475 7
1753141589365 164.30800953778353 8
1753141639812 140.13734071904963 9
1753141690225 128.3642804405906 10
1753141740598 123.35176194797863 11
1753141791002 105.0959336974404 12
1753141841474 100.21133503046903 13
1753141887762 97.46831003102389 14
1753141938075 87.2539636221799 15
1753141988649 83.8611772927371 16
1753142035064 79.76280080188404 17
1753142085441 81.40288166566329 18
1753142135592 85.35946527394381 19
1753142181909 72.17475961555134 20
1753142232252 70.70248258113861 21
1753142278612 70.25031318447806 22
1753142324905 61.23899869485335 23
1753142371116 70.71032985773954 24
1753142417584 62.54615059765902 25
1753142463688 76.88764890757474 26
1753142510199 62.91818245974454 27
1753142556722 65.83784471858631 28
1753142607165 57.87932268056002 29
1753142653865 59.04188377206976 30
1753142700247 61.47620949961922 31
1753142746598 69.79613212021914 32
1753142792868 62.49612702022899 33
1753142839314 61.573220708153464 34
1753142885672 55.85010173104026 35
1753142935857 55.61045618490739 36
1753142982120 64.0094308202917 37
1753143028245 56.20854984630238 38
1753143074441 57.0823561928489 39
1753143121034 55.690953341397375 40
1753143167471 47.92916592684659 41
1753143213614 55.80791955644434 42
1753143260144 60.738480979746036 43
1753143306472 56.406897685744546 44
1753143352875 62.32509708404541 45
1753143399294 53.17300382527438 46
1753143445614 49.3093478788029 47
