1753141240962 42.86533917080272 1
1753141291475 33.471161972392686 2
1753141341745 27.216359983791005 3
1753141392230 23.145612315698102 4
1753141442284 19.82458657568151 5
1753141492653 17.753196597099304 6
1753141542831 16.719356710260566 7
1753141589365 15.788940158757297 8
1753141639812 14.789589562199332 9
1753141690225 14.11732566356659 10
1753141740598 13.86367695981806 11
1753141791002 12.654963179068131 12
1753141841474 12.519715807654642 13
1753141887762 12.119852277365597 14
1753141938075 11.539491333744742 15
1753141988649 11.352188738909634 16
1753142035064 11.040063446218317 17
1753142085441 11.052147908644242 18
1753142135592 11.307467558167197 19
1753142181909 10.432510787790472 20
1753142232252 10.345771285620602 21
1753142278612 10.339377235282551 22
1753142324905 9.557962823997844 23
1753142371116 10.02417090806094 24
1753142417584 9.646078451113267 25
1753142463688 10.630011536858298 26
1753142510199 9.53778061541644 27
1753142556722 9.80295278267427 28
1753142607165 9.205866439775987 29
1753142653865 9.393867606466467 30
1753142700247 9.352064902132208 31
1753142746598 10.01889870925383 32
1753142792868 9.451646739786321 33
1753142839314 9.533231263810938 34
1753142885672 9.075687088749625 35
1753142935857 8.902317854491146 36
1753142982120 9.511301241137765 37
1753143028245 9.092161557891153 38
1753143074441 9.066630125045776 39
1753143121034 8.979287738149816 40
1753143167471 8.361374183134599 41
1753143213614 8.891857428984208 42
1753143260144 9.208706330169331 43
1753143306472 8.928466162898324 44
1753143352875 9.328199933875691 45
1753143399294 8.633796540173618 46
1753143445614 8.477571660822088 47
